CPU)
6.72
0.00
0.00
0.00
50.00
116.00
106.00
116.00
86.00
113.00
100.00
113.00
98.00
102.00
101.00
100.00
107.00
92.00
101.00
99.00
102.00
93.00
94.50
102.50
94.00
111.00
79.00
106.00
100.00
102.00
89.00
105.00
90.00
107.00
102.00
104.00
91.00
107.00
89.00
102.00
91.00
113.00
88.00
113.00
89.00
112.00
91.00
109.00
97.00
108.00
91.09
105.00
91.00
104.00
111.00
105.00
106.00
105.00
93.00
103.00
88.00
103.00
91.00
111.00
94.00
110.00
95.00
112.00
96.00
104.00
93.00
107.00
95.00
105.00
98.00
102.00
100.00
100.00
106.00
94.00
101.00
99.00
101.00
95.00
100.00
104.00
97.00
103.00
102.00
103.00
102.00
98.00
107.00
93.00
107.00
93.00
105.00
100.00
112.00
93.00
111.00
90.00
110.00
90.00
109.00
92.00
109.00
109.00
107.00
105.00
110.00
94.00
103.00
93.00
109.00
96.00
106.00
95.00
109.00
88.00
110.00
90.00
112.00
86.00
112.00
89.00
112.00
92.00
107.00
86.00
109.00
100.00
105.00
94.00
107.00
89.00
106.00
95.00
111.00
93.00
110.00
84.00
111.00
81.00
106.00
91.00
98.00
88.00
102.00
97.00
99.00
90.00
104.00
98.00
109.00
87.00
110.00
90.00
110.00
88.00
112.00
98.00
112.00
97.00
112.00
86.00
109.00
92.00
106.00
96.00
109.00
94.00
110.00
99.00
107.00
95.00
104.00
91.00
111.00
98.00
109.00
87.00
112.00
91.00
108.00
91.00
111.00
91.00
106.00
89.00
101.00
99.00
106.00
100.00
105.00
94.00
100.00
95.00
105.94
88.00
113.00
90.00
110.00
51.00
0.00
0.00
0.00
0.00
0.00
0.00
0.00
0.00
0.00
0.00
0.00
0.00
0.00
0.00
0.00
0.00
0.00
0.00
0.00
0.00
0.00
0.00
0.00
0.00
0.00
0.00
0.00
0.00
0.00
0.00
0.00
0.00
0.00
0.00
0.00
0.00
0.00
0.00
0.00
0.00
0.00
0.00
0.00
0.00
0.00
0.00
0.00
0.00
0.00
0.00
0.00
0.00
0.00
0.00
0.00
0.00
0.00
0.00
0.00
0.00
0.00
0.00
0.00
0.00
0.00
0.00
0.00
0.00
0.00
0.00
0.00
0.00
0.00
0.00
0.00
0.00
0.00
0.00
0.00
0.00
0.00
0.00
0.00
0.00
0.00
0.00
0.00
0.00
0.00
0.00
0.00
0.00
0.00
0.00
0.00
0.00
0.00
0.00
0.00
0.00
0.00
0.00
0.00
0.00
0.00
0.00
0.00
0.00
0.00
0.00
0.00
0.00
0.00
0.00
0.00
0.00
0.00
0.00
0.00
0.00
0.00
0.00
0.00
0.00
0.00
0.00
0.00
0.00
0.00
0.00
0.00
0.00
0.00
0.00
0.00
0.00
0.00
0.00
0.00
0.00
0.00
0.00
0.00
0.00
0.00
0.00
0.00
0.00
0.00
0.00
0.00
0.00
0.00
0.00
0.00
0.00
0.00
0.00
0.00
0.00
0.00
0.00
0.00
0.00
0.00
0.00
0.00
0.00
0.00
