CPU)
19.01
94.49
85.99
90.50
92.99
102.48
88.50
94.99
86.49
97.98
86.01
87.43
83.50
92.98
100.49
87.48
84.49
92.99
88.32
86.59
81.02
92.53
89.74
84.17
85.05
103.49
93.62
100.00
78.49
93.00
96.98
87.96
88.03
97.98
93.85
95.62
95.55
94.96
91.34
90.64
95.02
98.02
86.46
91.99
84.11
92.58
83.96
87.00
81.49
88.02
89.99
82.99
79.55
87.11
88.53
86.98
79.52
77.49
82.49
83.51
92.48
85.97
88.52
80.98
79.58
91.46
97.50
92.49
88.52
89.48
86.03
92.98
91.05
77.46
88.46
89.55
73.98
98.00
82.48
93.96
78.12
75.57
88.50
81.98
81.54
79.50
96.48
79.03
79.98
85.53
81.96
79.02
90.47
92.99
76.03
95.48
101.52
83.99
89.52
81.99
92.04
77.97
89.98
95.05
102.48
100.05
90.98
79.05
81.99
87.52
85.97
94.48
98.52
89.99
88.03
99.98
93.53
92.98
77.53
90.48
90.54
103.46
104.56
84.71
87.74
95.53
87.48
92.52
93.98
95.53
97.48
88.52
90.49
94.02
91.49
88.04
96.47
101.54
80.97
98.48
91.03
83.98
90.53
91.48
87.03
84.98
98.54
76.97
99.98
89.53
96.48
90.02
91.99
89.02
104.48
88.53
84.48
89.04
87.47
95.48
96.53
84.98
83.52
94.99
87.52
82.66
93.04
93.47
82.98
88.03
98.48
77.52
70.49
93.52
94.48
72.98
80.04
96.48
78.03
64.99
93.04
95.47
77.49
85.03
101.48
80.53
93.48
90.02
90.49
77.98
85.53
100.98
67.03
87.98
105.52
80.49
100.52
90.49
89.04
88.47
103.48
89.53
93.48
91.53
96.48
82.03
97.48
97.02
90.98
102.52
95.98
103.02
93.48
95.02
86.54
91.02
79.02
76.98
86.08
82.49
65.11
0.00
0.00
0.00
0.00
0.00
0.00
0.00
0.00
0.00
0.00
0.00
0.00
0.00
2.50
53.52
0.00
0.00
0.00
0.00
0.00
0.00
0.00
