(4
0.01
0.00
0.00
45.00
57.00
59.00
58.00
58.50
58.50
60.00
58.00
59.50
60.50
59.00
59.00
59.50
58.50
60.00
59.00
57.50
60.50
60.00
59.00
62.00
59.00
59.00
62.00
60.00
57.50
60.50
59.00
58.50
59.50
59.00
60.00
61.50
58.00
61.50
62.00
58.00
60.50
61.50
57.00
61.50
60.50
55.00
62.00
61.50
56.50
63.00
60.00
59.50
63.50
60.00
62.00
61.50
59.50
62.00
62.50
58.50
64.00
61.00
57.00
61.50
60.50
59.50
63.50
59.00
61.00
63.00
59.50
63.50
62.50
58.50
51.00
62.00
58.00
63.00
63.00
59.00
62.00
60.50
59.00
62.50
61.00
63.00
58.00
62.00
62.00
63.00
61.00
61.00
62.50
60.50
62.50
62.00
61.00
63.50
60.00
61.00
63.00
59.00
62.00
64.00
59.50
61.50
62.00
60.00
62.00
62.00
60.00
65.00
60.00
59.00
63.00
59.00
62.00
63.00
59.00
62.00
63.00
59.00
63.50
60.50
60.00
63.50
61.50
60.50
62.00
60.50
61.00
62.50
59.00
64.50
62.00
60.00
62.00
63.50
63.00
62.50
59.90
62.00
63.50
59.00
62.50
60.50
60.00
63.00
60.00
59.50
62.50
61.00
61.00
61.00
59.50
63.00
61.50
60.00
63.50
61.50
61.00
63.00
62.00
62.00
63.00
61.50
63.00
62.00
61.50
61.00
61.50
60.00
63.50
59.50
58.50
65.00
60.00
58.50
65.50
59.00
62.00
63.00
59.00
63.50
61.50
58.00
63.00
61.00
58.00
62.00
62.00
58.00
64.00
60.00
59.00
61.00
60.00
61.00
62.00
59.50
63.00
61.50
58.50
62.00
61.00
58.50
62.00
61.50
60.50
61.00
61.00
61.00
62.00
60.00
62.50
62.00
58.50
61.50
61.50
59.00
63.50
60.50
61.00
63.50
61.00
61.50
62.00
61.50
64.00
62.50
61.00
63.50
62.50
60.00
63.00
60.50
60.50
62.00
62.00
63.00
61.00
61.00
64.00
62.00
62.00
63.00
62.00
62.50
62.00
62.50
63.00
62.00
61.00
62.00
61.50
60.50
63.00
63.00
62.00
60.00
62.00
62.00
61.00
63.00
62.00
62.00
63.50
61.00
63.50
60.50
62.50
61.00
60.00
63.50
62.50
63.00
62.50
63.50
62.00
63.00
63.00
63.00
64.00
61.00
62.00
63.00
61.00
63.00
63.00
61.50
64.50
62.50
63.00
63.50
61.50
64.50
62.00
63.00
64.00
61.00
64.00
62.50
61.00
64.50
61.50
61.50
63.00
61.00
63.00
63.37
61.00
62.50
63.50
61.00
64.50
61.50
62.00
60.00
62.50
63.50
61.00
62.00
65.00
60.00
61.50
62.50
59.50
62.50
63.00
61.50
63.50
62.50
59.50
65.00
60.00
61.00
62.00
60.50
61.00
63.50
62.00
62.00
64.50
62.50
65.00
63.00
60.00
64.50
60.50
60.00
63.00
61.00
63.00
63.50
61.50
63.00
61.50
62.50
64.00
61.00
62.00
62.00
61.00
60.00
64.00
61.00
62.00
62.00
61.00
65.00
60.50
62.50
63.50
59.50
60.50
63.50
59.00
62.00
62.00
60.50
62.50
64.00
61.00
63.00
63.00
61.00
64.50
60.50
63.50
61.50
60.00
63.00
62.00
60.00
63.00
62.00
60.00
66.00
59.00
62.00
63.00
59.00
62.50
62.50
61.00
65.00
62.00
60.50
64.00
62.00
62.50
64.00
61.00
63.50
64.50
58.00
64.00
62.00
60.00
63.00
60.00
61.50
62.50
61.50
61.50
62.00
63.00
63.00
64.00
62.00
65.00
64.00
61.00
63.00
63.00
63.00
61.50
63.50
64.00
62.00
62.00
62.00
62.00
64.00
63.00
62.00
65.00
60.00
62.00
63.00
62.00
62.00
62.00
62.50
62.50
62.00
62.50
64.50
62.00
61.00
64.50
60.00
62.50
64.00
61.00
62.00
63.00
61.00
64.00
62.00
63.50
64.50
62.50
59.90
66.00
63.00
63.00
64.00
63.00
66.50
64.00
60.50
66.00
63.50
62.50
65.50
62.50
64.00
63.00
63.00
65.00
61.00
63.50
63.50
62.50
62.50
62.00
63.00
66.00
62.50
61.50
66.00
62.50
61.50
63.00
64.50
60.00
62.50
63.00
63.00
63.00
62.50
63.50
65.00
62.00
67.00
65.00
66.50
65.50
61.00
65.00
64.00
62.00
65.00
64.00
65.00
65.00
63.00
64.50
62.50
65.00
64.00
63.00
62.50
62.50
64.00
63.00
62.50
62.50
63.50
64.50
64.00
63.00
67.00
63.00
66.00
63.50
63.50
65.00
63.50
62.50
66.00
64.00
62.50
64.00
66.50
64.00
63.00
60.50
6.50
0.00
0.00
0.00
0.00
0.00
0.00
0.00
0.00
0.00
0.00
0.00
0.00
0.00
0.00
0.00
0.00
0.00
0.00
0.00
0.00
0.00
0.00
0.00
0.00
0.00
0.00
0.00
0.00
0.00
0.00
0.00
0.00
0.00
0.00
0.00
0.00
0.00
0.00
0.00
0.00
0.00
0.00
0.00
0.00
0.00
0.00
0.00
0.00
0.00
0.00
0.00
0.00
0.00
0.00
0.00
0.00
0.00
0.00
0.00
0.00
0.00
0.00
0.00
0.00
0.00
0.00
0.00
0.00
0.00
0.00
0.00
0.00
0.00
0.00
0.00
0.00
0.00
0.00
0.00
0.00
0.00
0.00
0.00
0.00
0.00
0.00
0.00
0.00
0.00
0.00
0.00
0.00
0.00
0.00
0.00
0.00
0.00
0.00
0.00
0.00
0.00
0.00
0.00
0.00
0.00
0.00
0.00
0.00
0.00
0.00
0.00
0.00
0.00
0.00
0.00
0.00
0.00
0.00
0.00
0.00
0.00
