(4
0.10
102.01
104.01
103.88
103.38
105.01
104.88
101.75
99.76
104.12
99.26
102.63
99.13
101.63
102.88
102.88
101.50
100.26
101.12
100.01
104.25
102.63
101.01
100.37
102.88
103.01
103.38
99.13
100.63
101.50
101.25
103.12
103.51
102.12
98.26
101.75
101.38
98.25
101.00
101.51
105.38
100.75
97.25
104.38
104.00
103.75
97.38
100.25
101.01
104.75
100.50
95.75
100.75
104.00
102.75
101.13
102.25
96.25
103.88
98.38
101.00
102.01
93.62
101.88
100.12
106.62
101.88
100.25
103.75
100.63
100.01
99.50
104.88
101.25
102.63
100.12
100.75
101.12
106.00
102.00
100.63
94.25
103.75
101.50
101.00
97.88
99.12
102.25
108.12
102.25
75.77
47.38
43.11
43.01
47.18
41.45
33.52
29.90
34.98
35.30
43.73
41.30
41.34
32.54
37.76
38.23
38.02
33.66
37.26
31.45
41.06
42.30
41.52
42.50
43.44
41.30
42.25
41.75
37.75
34.06
44.25
42.25
37.74
36.93
42.26
37.04
34.74
41.74
33.98
39.74
43.01
37.00
42.01
47.75
36.01
39.04
43.74
37.76
47.99
50.00
43.82
46.75
45.01
44.00
51.49
43.25
41.62
43.25
39.75
47.24
49.50
46.27
38.75
46.24
40.50
51.51
48.43
45.51
47.06
45.01
48.24
41.75
39.25
45.50
40.75
45.25
47.25
42.48
37.00
39.00
40.64
36.24
38.11
38.25
34.99
38.23
42.24
36.77
45.25
39.52
34.66
39.49
40.75
44.34
43.01
45.04
40.52
40.50
46.00
41.95
39.25
47.50
34.95
42.00
41.54
42.26
40.76
43.75
41.75
37.51
39.25
46.25
44.24
35.99
36.01
41.76
41.32
46.72
39.48
42.25
39.19
41.01
37.27
45.25
36.49
44.00
31.75
37.76
44.99
39.00
45.77
39.48
35.00
39.75
45.00
39.52
42.88
46.49
35.25
32.26
40.24
33.74
27.60
41.76
29.52
39.45
32.98
38.47
37.96
42.34
36.78
43.00
43.00
37.01
43.75
38.75
37.00
39.25
41.75
38.76
43.75
38.25
39.01
42.49
40.50
37.49
43.00
34.99
39.50
43.49
40.98
36.52
45.52
41.51
42.21
49.59
41.31
41.89
41.75
45.00
38.49
46.23
40.00
41.27
40.74
45.75
45.51
36.65
37.51
37.63
43.05
39.99
41.51
45.78
41.75
44.19
37.75
43.56
46.02
40.47
42.99
38.26
50.77
43.76
42.99
38.00
44.49
47.75
39.98
36.26
44.88
45.00
46.50
39.53
37.00
39.96
35.49
40.22
39.99
29.02
43.01
44.29
34.37
35.49
43.75
37.51
44.00
45.01
34.50
32.23
42.51
37.50
37.25
39.76
39.00
44.47
35.50
37.79
37.25
46.01
38.98
43.00
37.73
32.78
44.50
43.99
37.50
42.50
40.76
33.00
41.48
43.55
42.25
37.22
36.26
40.82
33.52
31.70
33.26
34.52
35.75
37.49
35.23
41.32
41.26
41.62
37.23
44.27
36.76
45.49
39.02
34.12
41.98
39.25
33.00
41.01
37.77
36.24
37.49
36.23
39.51
41.48
38.00
43.78
43.51
45.72
32.00
44.63
40.24
41.54
36.48
29.52
31.99
39.92
41.70
43.43
41.30
46.05
42.29
44.74
41.53
34.25
43.99
36.17
46.97
39.07
46.52
28.50
44.50
41.97
25.99
40.52
36.01
35.69
32.95
33.81
43.29
34.73
45.76
44.26
33.51
43.25
27.72
36.70
37.96
32.80
45.00
33.82
33.24
38.50
42.47
41.22
34.90
43.06
35.49
34.02
31.39
32.50
40.71
32.47
42.48
41.32
36.31
34.09
33.77
42.76
39.91
45.73
40.52
34.51
36.12
32.73
38.29
42.88
32.71
43.99
36.75
40.47
33.53
30.74
37.99
33.55
40.02
39.50
39.56
36.90
42.27
37.62
36.75
40.75
38.24
35.66
30.25
32.13
35.26
33.22
37.95
36.50
38.51
35.04
35.01
35.50
41.23
38.89
44.01
44.50
39.25
41.02
35.85
32.00
34.30
39.53
37.51
41.19
33.74
37.50
39.21
41.51
44.23
38.88
33.01
36.99
36.74
37.02
40.49
33.52
33.23
48.74
42.26
37.77
36.50
35.25
33.73
29.97
35.03
36.49
35.96
41.52
35.96
43.05
38.75
41.01
41.73
38.76
37.77
40.27
44.00
33.46
35.72
36.50
39.74
36.29
44.51
39.76
33.75
38.50
42.75
43.48
35.49
35.73
32.09
36.25
40.75
39.51
32.95
27.11
34.45
35.95
39.65
36.99
37.24
36.28
34.15
48.99
41.79
46.49
43.01
38.15
44.52
47.60
36.27
42.00
44.24
47.00
40.38
44.75
39.25
42.42
44.34
39.51
49.48
44.00
39.21
44.25
38.02
36.16
37.11
35.49
37.76
42.96
39.79
39.51
42.00
36.20
38.03
39.25
37.23
33.53
42.21
36.79
40.50
35.26
43.99
38.00
35.73
37.25
43.01
42.99
40.25
42.96
43.25
44.43
39.09
43.53
41.97
47.51
38.64
45.49
36.93
42.01
42.11
35.82
42.27
36.25
44.99
45.17
35.43
41.77
33.49
31.75
38.51
41.74
31.04
35.62
35.01
25.66
38.56
32.51
34.61
40.25
39.65
31.44
36.76
40.76
31.23
39.38
39.20
28.85
28.69
28.87
32.50
29.88
34.48
34.26
37.99
25.97
39.38
38.76
37.48
37.79
36.11
29.55
33.18
32.68
36.00
36.46
30.36
38.74
44.25
33.05
31.65
41.76
35.71
33.51
35.25
33.75
28.89
34.75
28.48
31.14
31.23
33.27
32.77
26.92
34.50
27.43
25.48
29.69
31.86
28.96
32.23
25.02
34.05
35.25
49.23
45.90
39.88
36.37
35.30
32.18
52.77
34.95
50.39
95.49
60.39
35.49
39.14
81.99
47.27
87.61
101.03
67.46
94.21
36.55
63.16
90.18
93.81
78.29
84.59
62.00
30.12
21.12
20.00
20.25
21.75
22.00
19.00
20.75
18.25
18.75
19.49
16.76
19.12
16.90
17.61
17.87
15.87
18.50
19.22
18.16
20.38
20.54
20.84
20.30
18.95
19.13
15.87
19.14
18.48
18.38
19.38
21.51
21.25
18.62
19.49
19.00
17.36
17.76
19.16
17.84
17.50
17.75
17.76
17.37
18.28
20.47
21.62
19.88
20.87
24.88
20.05
19.69
22.75
24.12
27.37
23.63
21.75
22.50
21.47
24.91
20.12
20.88
24.00
22.20
21.07
20.60
19.00
21.50
23.00
26.88
20.52
25.11
24.61
25.27
23.74
19.88
23.00
21.14
23.08
21.53
19.27
20.36
23.26
19.50
20.12
21.75
22.25
19.87
18.25
20.00
18.50
18.75
17.81
19.19
19.00
17.87
17.25
17.88
19.50
20.12
20.38
24.88
27.49
23.51
23.64
24.50
20.38
31.87
29.88
0.00
0.00
0.00
0.00
0.00
0.00
0.00
0.00
0.00
0.00
0.00
0.00
0.00
0.00
0.00
0.00
0.00
0.00
0.00
0.00
0.00
0.00
0.00
0.00
0.00
0.00
0.00
0.00
0.00
0.00
0.00
0.00
0.00
0.00
0.00
0.00
0.00
0.00
0.00
0.00
0.00
0.00
0.00
0.00
0.00
0.00
0.00
0.00
0.00
0.00
0.00
0.00
0.00
0.00
0.00
0.00
0.00
0.00
0.00
0.00
0.00
0.00
0.00
0.00
0.00
0.00
0.00
0.00
0.00
0.00
0.00
0.00
0.00
0.00
0.00
0.00
0.00
0.00
0.00
0.00
0.00
0.00
0.00
0.00
0.00
0.00
0.00
0.00
0.00
0.00
0.00
0.00
0.00
0.00
0.00
0.00
0.00
0.00
0.00
0.00
0.00
0.00
0.00
0.00
0.00
0.00
0.00
0.00
0.00
0.00
0.00
0.00
0.00
0.00
0.00
0.00
0.00
0.00
0.00
0.00
0.00
0.00
0.00
0.00
0.00
0.00
0.00
0.00
0.00
0.00
0.00
0.00
0.00
0.00
0.00
0.00
0.00
0.00
0.00
0.00
0.00
0.00
0.00
0.00
0.00
0.00
0.00
0.00
0.00
0.00
0.00
0.00
0.00
0.00
0.00
0.00
0.00
0.00
0.00
0.00
0.00
0.00
0.00
0.00
0.00
0.00
0.00
0.00
0.00
0.00
0.00
0.00
0.00
0.00
0.00
0.00
0.00
0.00
0.00
0.00
0.00
0.00
0.00
0.00
0.00
0.00
0.00
0.00
0.00
0.00
0.00
0.00
0.00
0.00
0.00
0.00
0.00
0.00
0.00
0.00
0.00
0.00
0.00
0.00
0.00
0.00
0.00
0.00
0.00
0.00
0.00
0.00
0.00
0.00
0.00
0.00
0.00
0.00
0.00
0.00
0.00
0.00
0.00
0.00
0.00
0.00
0.00
0.00
0.00
0.00
0.00
0.00
0.00
0.00
0.00
0.00
0.00
0.00
0.00
0.00
0.00
0.00
0.00
0.00
0.00
0.00
0.00
0.00
0.00
0.00
0.00
0.00
0.00
0.00
0.00
0.00
0.00
0.00
0.00
0.00
0.00
0.00
0.00
0.00
0.00
0.00
0.00
0.00
0.00
0.00
0.00
0.00
0.00
0.00
0.00
0.00
0.00
0.00
0.00
0.00
0.00
0.00
0.00
0.00
0.00
0.00
0.00
0.00
0.00
0.00
0.00
0.00
0.00
0.00
0.00
0.00
0.00
0.00
0.00
0.00
0.00
0.00
0.00
0.00
0.00
0.00
0.00
0.00
0.00
0.00
0.00
0.00
0.00
0.00
0.00
0.00
0.00
0.00
0.00
0.00
0.00
0.00
0.00
0.00
0.00
0.00
0.00
0.00
0.00
0.00
0.00
0.00
0.00
0.00
0.00
0.00
0.00
0.00
0.00
0.00
0.00
0.00
0.00
0.00
0.00
0.00
0.00
0.00
0.00
0.00
0.00
0.00
0.00
0.00
0.00
0.00
0.00
0.00
0.00
0.00
0.00
0.00
0.00
0.00
0.00
0.00
0.00
0.00
0.00
0.00
0.00
0.00
0.00
0.00
0.00
0.00
0.00
0.00
0.00
0.00
0.00
0.00
0.00
0.00
0.00
0.00
0.00
0.00
0.00
0.00
0.00
0.00
0.00
0.00
0.00
0.00
0.00
0.00
0.00
0.00
0.00
0.00
0.00
0.00
0.00
0.00
0.00
0.00
0.00
0.00
0.00
0.00
0.00
0.00
0.00
0.00
0.00
0.00
0.00
0.00
0.00
0.00
0.00
0.00
0.00
0.00
0.00
0.00
0.00
0.00
0.00
0.00
0.00
0.00
0.00
0.00
0.00
0.00
0.00
0.00
0.00
0.00
0.00
0.00
0.00
0.00
0.00
0.00
0.00
0.00
0.00
0.00
0.00
0.00
0.00
0.00
0.00
0.00
0.00
0.00
0.00
0.00
0.00
0.00
0.00
0.00
0.00
0.00
0.00
0.00
0.00
0.00
0.00
0.00
0.00
0.00
0.00
0.00
0.00
0.00
0.00
0.00
0.00
0.00
0.00
0.00
0.00
0.00
0.00
0.00
0.00
0.00
0.00
0.00
0.00
0.00
0.00
0.00
0.00
0.00
0.00
0.00
0.00
0.00
0.00
0.00
0.00
0.00
0.00
0.00
0.00
0.00
0.00
0.00
0.00
0.00
0.00
